Reading 924 files...
cdn,1365,161,164,315,178,140,167,411,409,186,303,145,197,346,760,276,605,245,437,596,714,827,263,241,239,245,57,238,372,297,324,1160,765,318,655,297,314,320,393,923,320,393,504,602,535,569,240,528,233,585,247,419,219,253,205,596,166,176,131,103,90,89,128,113,106,101,129,183,187,148,1009,922,1161,366,1781,401,320,363,1105,345,300,322,611,2410
+-------+---------+-------+--------+
|  cdn  | Average | 90th% | Probes |
+-------+---------+-------+--------+
| World |   430   |  827  |   84   |
|  EU   |   132   |  176  |   14   |
|  NA   |   320   |  409  |   14   |
|  AF   |   410   |  585  |   14   |
|  SA   |   410   |  714  |   14   |
|  AS   |   489   |  765  |   14   |
|  OC   |   815   | 1161  |   14   |
+-------+---------+-------+--------+
vercel,270,32,41,149,189,396,199,78,153,36,179,46,27,33,115,61,185,157,89,87,40,54,57,237,31,303,109,98,262,102,738,410,153,137,99,132,111,602,475,128,111,273,125,141,42,352,38,269,28,38,364,40,44,277,180,39,313,432,268,265,64,283,277,388,88,579,36,81,59,529,56,64,52,107,53,275,47,53,447,114,100,75,63,65
+--------+---------+-------+--------+
| vercel | Average | 90th% | Probes |
+--------+---------+-------+--------+
| World  |   171   |  388  |   84   |
|   EU   |   112   |  114  |   14   |
|   NA   |   116   |  185  |   14   |
|   SA   |   131   |  199  |   14   |
|   OC   |   141   |  277  |   14   |
|   AS   |   262   |  432  |   14   |
|   AF   |   267   |  475  |   14   |
+--------+---------+-------+--------+
cfioriver,626,678,401,462,1227,991,939,709,354,1250,1241,652,370,954,1247,1510,1178,1365,911,608,1230,1166,1316,1132,1464,1664,1026,1363,935,1190,790,734,640,867,900,817,762,1067,1494,1120,740,909,1191,963,1405,657,737,1103,1485,562,1168,1657,1038,1078,1094,1200,2041,1611,2346,1909,2312,2342,1861,1600,2237,1239,1460,1731,1818,852,655,856,1258,1057,4210,2067,1036,537,1545,1084,1370,1178,580
+-----------+---------+-------+--------+
| cfioriver | Average | 90th% | Probes |
+-----------+---------+-------+--------+
|   World   |  1194   | 1818  |   83   |
|    AF     |   926   | 1120  |   14   |
|    EU     |   775   | 1227  |   14   |
|    SA     |  1096   | 1405  |   14   |
|    NA     |  1227   | 1464  |   14   |
|    OC     |  1306   | 1545  |   14   |
|    AS     |  1885   | 2312  |   13   |
+-----------+---------+-------+--------+
git,156,297,257,256,263,339,268,172,321,337,272,323,258,269,589,587,605,600,580,753,586,581,810,602,586,743,698,579,182,61,60,115,51,68,137,143,164,241,32,243,42,155,570,306,317,234,267,242,266,647,418,317,262,432,240,427,173,239,213,184,212,207,294,226,205,193,210,188,187,193,234,226,324,231,513,248,259,264,239,571,249,420,385,257
+-------+---------+-------+--------+
|  git  | Average | 90th% | Probes |
+-------+---------+-------+--------+
| World |   318   |  587  |   84   |
|  NA   |   121   |  182  |   14   |
|  EU   |   209   |  226  |   14   |
|  SA   |   271   |  323  |   14   |
|  OC   |   316   |  420  |   14   |
|  AS   |   353   |  432  |   14   |
|  AF   |   636   |  743  |   14   |
+-------+---------+-------+--------+
cf,101,283,102,217,103,192,363,295,234,272,372,109,79,257,547,152,399,74,121,177,501,425,143,1362,152,118,1196,788,375,78,1028,280,519,313,903,99,421,300,552,304,351,300,285,189,189,182,388,284,303,141,189,133,172,435,481,328,260,99,159,165,265,92,426,123,147,221,105,339,118,186,82,618,232,303,109,64,124,242,70,558,381,100,109,346
+-------+---------+-------+--------+
|  cf   | Average | 90th% | Probes |
+-------+---------+-------+--------+
| World |   294   |  519  |   84   |
|  NA   |   193   |  265  |   14   |
|  SA   |   213   |  295  |   14   |
|  AF   |   238   |  381  |   14   |
|  EU   |   264   |  388  |   14   |
|  OC   |   416   |  552  |   14   |
|  AS   |   440   |  788  |   14   |
+-------+---------+-------+--------+
regular,509,547,521,550,513,514,507,553,517,550,552,547,509,509,724,809,554,592,546,544,582,664,606,558,555,604,753,617,883,882,1086,1096,866,866,901,858,859,870,2316,889,855,865,296,258,303,244,301,273,333,315,303,325,260,240,277,287,767,3314,776,696,776,731,864,916,850,810,789,720,922,747,69,79,137,119,71,82,112,84,139,136,113,121,95,68
+---------+---------+-------+--------+
| regular | Average | 90th% | Probes |
+---------+---------+-------+--------+
|  World  |   587   |  882  |   84   |
|   EU    |   102   |  136  |   14   |
|   NA    |   287   |  315  |   14   |
|   AF    |   528   |  550  |   14   |
|   SA    |   622   |  724  |   14   |
|   AS    |   977   |  916  |   14   |
|   OC    |  1007   | 1086  |   14   |
+---------+---------+-------+--------+
fastly,579,937,497,966,963,969,552,593,694,650,1172,630,502,809,254,346,375,384,339,426,347,515,1470,404,459,743,257,423,259,68,88,70,58,156,47,123,90,102,228,133,59,533,309,246,417,380,122,381,532,251,303,155,1122,524,489,1415,271,567,1412,701,866,238,342,358,548,360,312,552,563,372,290,884,1203,839,867,987,284,1561,1546,290,473,1103,821,1017
+--------+---------+-------+--------+
| fastly | Average | 90th% | Probes |
+--------+---------+-------+--------+
| World  |   542   | 1017  |   84   |
|   EU   |   144   |  228  |   14   |
|   AS   |   482   |  515  |   14   |
|   NA   |   475   |  532  |   14   |
|   SA   |   533   |  701  |   14   |
|   AF   |   751   |  966  |   14   |
|   OC   |   869   | 1203  |   14   |
+--------+---------+-------+--------+
staticapp,478,288,229,236,303,644,464,514,260,321,545,819,484,566,557,506,983,468,449,841,362,173,96,160,178,229,73,114,220,95,289,316,297,594,738,1150,295,635,281,578,1023,409,447,609,397,646,522,402,382,1048,1371,548,671,478,700,1075,604,738,489,479
+-----------+---------+-------+--------+
| staticapp | Average | 90th% | Probes |
+-----------+---------+-------+--------+
|   World   |   498   |  841  |   60   |
|    NA     |   170   |  229  |   10   |
|    EU     |   374   |  514  |   10   |
|    SA     |   517   |  738  |   10   |
|    OC     |   622   |  841  |   10   |
|    AS     |   588   | 1023  |   10   |
|    AF     |   715   | 1075  |   10   |
+-----------+---------+-------+--------+
ioriver,267,45,61,337,189,272,40,423,335,63,553,412,336,221,67,95,99,87,156,102,257,98,100,79,784,295,99,91,35,258,56,350,292,114,70,33,228,342,403,167,278,354,491,297,203,181,415,448,263,639,57,209,171,213,379,549,263,513,736,98,282,728,268,535,145,289,261,768,85,253,247,206,52,39,134,214,129,51,135,238,56,29,66,37
+---------+---------+-------+--------+
| ioriver | Average | 90th% | Probes |
+---------+---------+-------+--------+
|  World  |   242   |  491  |   84   |
|   NA    |   117   |  214  |   14   |
|   EU    |   172   |  257  |   14   |
|   AS    |   213   |  350  |   14   |
|   OC    |   254   |  412  |   14   |
|   SA    |   322   |  491  |   14   |
|   AF    |   373   |  728  |   14   |
+---------+---------+-------+--------+
gcore,843,681,912,634,795,664,841,748,739,630,806,896,701,945,595,575,461,470,464,459,550,545,647,697,532,552,531,459,1031,1003,1077,1202,945,1127,1014,1068,953,1183,1113,1082,1214,77,598,725,1115,497,1304,499,488,719,1319,550,1259,471,717,1024,187,117,148,123,62,53,188,110,124,123,111,118,213,43,381,386,392,333,869,406,831,402,837,968,363,882,380,811
+-------+---------+-------+--------+
| gcore | Average | 90th% | Probes |
+-------+---------+-------+--------+
| World |   639   | 1082  |   84   |
|  EU   |   123   |  187  |   14   |
|  AF   |   538   |  595  |   14   |
|  NA   |   589   |  869  |   14   |
|  SA   |   774   |  896  |   14   |
|  AS   |  1006   | 1183  |   14   |
|  OC   |   806   | 1259  |   14   |
+-------+---------+-------+--------+
netlify,759,1232,1613,459,1222,970,1203,1311,1259,1028,1338,1015,1187,509,226,424,564,417,1134,420,425,226,486,312,716,832,235,65,213,177,501,128,76,205,271,1455,144,90,162,515,232,294,391,486,610,501,297,302,384,445,257,277,313,285,347,1173,692,1189,1176,1483,1200,1078,1186,1362,680,1502,727,1184,1769,422,289,295,266,260,163,446,454,161,303,300,269,22,165
+---------+---------+-------+--------+
| netlify | Average | 90th% | Probes |
+---------+---------+-------+--------+
|  World  |   616   | 1232  |   83   |
|   SA    |   272   |  422  |   14   |
|   EU    |   371   |  486  |   14   |
|   NA    |   302   |  501  |   14   |
|   OC    |   495   |  716  |   14   |
|   AS    |  1123   | 1311  |   13   |
|   AF    |  1172   | 1483  |   14   |
+---------+---------+-------+--------+

Last Test Number: 54	At: 2025-05-22T15:08:44.724Z
