Reading 4224 files...
regular,68,68,124,143,104,81,75,67,118,79,149,78,107,71,105,135,60,108,70,99,105,70,61,141,105,106,60,103,135,76,58,69,103,103,68,58,70,60,140,106,77,82,61,139,107,63,77,117,65,58,123,57,70,102,62,70,63,121,148,106,69,117,68,72,506,504,508,505,504,513,509,504,506,511,504,505,505,504,504,508,510,506,508,505,508,507,504,504,508,485,507,506,507,525,531,505,504,524,507,511,525,506,504,510,510,506,516,485,525,504,505,508,511,504,506,510,504,511,506,532,513,504,505,507,504,504,508,505,233,294,232,230,299,258,287,282,238,311,404,289,264,266,296,264,236,259,274,242,289,266,600,281,343,285,234,276,316,314,235,243,288,266,271,259,252,306,252,232,262,259,505,301,289,237,328,255,293,234,268,287,237,348,252,233,273,260,638,391,287,267,232,302,855,883,869,881,860,915,1099,1005,1102,880,870,860,904,982,865,872,834,858,867,859,835,877,973,858,856,873,887,865,859,866,906,893,849,857,849,864,866,878,860,914,849,893,928,1164,862,865,868,872,870,909,871,875,876,868,866,889,868,868,876,973,865,874,856,867,770,579,751,545,644,574,580,692,588,642,632,640,619,633,581,595,581,602,607,612,619,581,631,604,586,621,587,632,574,575,581,583,585,581,580,651,634,605,641,578,577,692,625,644,582,641,732,548,585,638,589,584,581,578,579,588,607,638,578,607,607,624,640,536,1145,732,945,693,783,770,775,781,742,1107,768,948,717,767,769,775,726,793,752,764,805,719,767,793,776,778,711,807,795,818,744,703,708,759,810,1155,781,732,798,737,708,861,780,748,769,806,942,768,679,748,779,760,781,733,783,744,742,933,784,731,724,816,1332,791
+---------+---------+-------+--------+
| regular | Average | 90th% | Probes |
+---------+---------+-------+--------+
|  World  |   531   |  870  |  384   |
|   EU    |   91    |  135  |   64   |
|   NA    |   289   |  328  |   64   |
|   AF    |   508   |  513  |   64   |
|   SA    |   611   |  644  |   64   |
|   OC    |   890   |  928  |   64   |
|   AS    |   800   |  933  |   64   |
+---------+---------+-------+--------+
cdn,610,564,209,241,541,261,44,62,56,533,36,31,619,257,296,33,563,43,543,249,565,225,70,395,220,579,51,572,290,220,560,540,572,49,284,609,31,316,61,249,228,41,41,547,581,232,211,42,605,59,105,553,228,66,84,581,38,35,36,697,539,44,809,617,129,135,147,193,177,151,236,89,169,162,74,202,132,64,115,130,159,59,154,84,141,190,145,129,87,114,112,65,176,95,206,56,133,174,197,120,79,58,69,140,152,108,65,155,77,174,119,163,96,182,203,95,104,133,172,144,135,88,184,105,152,66,123,202,320,73,689,402,77,570,338,410,285,323,292,62,444,417,99,98,338,303,430,171,298,292,333,343,288,322,296,319,300,362,317,298,315,79,403,290,287,380,400,278,70,312,333,46,394,321,321,56,326,67,43,316,302,294,357,408,90,635,346,280,341,324,55,314,323,45,64,38,827,1021,61,305,843,825,804,299,36,2574,56,256,260,77,57,919,42,65,832,842,42,375,38,43,232,838,38,595,853,304,533,1147,899,819,975,810,54,267,800,908,820,809,330,76,1018,320,158,46,273,143,342,31,793,55,53,3017,292,827,56,825,349,367,762,47,142,582,646,70,768,585,640,607,701,238,701,595,295,40,178,215,213,36,630,52,736,161,341,235,673,709,700,697,105,165,59,435,723,391,552,661,204,40,167,801,386,41,218,583,60,245,150,771,574,174,93,591,755,212,735,569,63,162,261,591,849,50,90,906,49,91,797,374,292,54,208,47,634,66,245,707,322,368,79,920,47,173,1138,793,63,814,806,98,61,250,1007,334,703,810,714,762,742,321,1118,1207,816,1038,607,226,674,750,764,51,213,943,815,89,768,89,3169,797,242,675,292,72,51,49,51,873
+-------+---------+-------+--------+
|  cdn  | Average | 90th% | Probes |
+-------+---------+-------+--------+
| World |   357   |  804  |  384   |
|  EU   |   132   |  190  |   64   |
|  NA   |   292   |  408  |   64   |
|  AF   |   301   |  581  |   64   |
|  SA   |   394   |  723  |   64   |
|  OC   |   505   |  908  |   64   |
|  AS   |   519   |  920  |   64   |
+-------+---------+-------+--------+
cfioriver,1198,1140,1114,1173,1046,595,832,1111,835,854,1435,1700,1224,1022,587,1143,645,1379,1302,1200,1056,1325,826,919,1049,887,1298,1049,713,1155,856,490,1590,1034,1226,1109,1335,1272,829,1111,667,571,913,432,1429,1008,1168,1388,587,1062,1233,592,1216,1054,1222,841,1095,1233,551,1395,1056,883,609,1387,720,434,370,752,572,615,678,733,258,157,404,333,424,680,437,354,587,453,355,483,343,346,187,358,427,399,956,514,359,381,398,644,523,151,802,439,1618,1042,221,418,719,947,414,181,458,726,682,150,713,419,518,151,505,376,335,498,365,377,743,134,1003,359,1026,193,919,2370,1869,1487,794,1063,1718,1004,1888,813,1101,1309,796,1312,938,1829,774,1070,1065,1684,1490,949,1427,2304,1127,1346,1296,1294,1518,1292,1285,917,1307,1200,1315,1473,1244,1093,969,1196,813,1451,1686,1720,1737,1664,1678,1254,1128,1276,1190,1157,1108,1503,1636,1171,1437,1177,1384,1587,1214,910,1135,1743,1102,774,768,825,626,566,942,1254,531,850,792,1078,588,764,796,581,397,747,845,879,520,591,979,766,601,757,751,752,712,727,772,797,1086,1159,754,824,528,752,768,949,594,727,737,577,763,792,1273,968,1473,843,1050,763,417,860,1031,798,584,726,416,554,660,749,859,798,440,1076,827,812,1388,1362,677,971,986,958,1443,967,1164,865,629,881,1266,1440,654,1185,720,1656,1173,1350,1341,1231,589,1101,1416,1610,1437,980,898,1573,625,1596,961,1278,830,974,1485,1131,792,1165,1180,662,587,1176,697,1305,851,1375,453,1388,841,861,946,990,1576,602,1510,1051,1407,984,1874,1917,2075,2266,2185,1916,1754,1630,2043,2037,1756,1886,2013,1842,2237,1581,2205,1607,2054,2513,2024,1965,1705,2102,2279,2093,2190,2278,1503,2180,2313,1479,2326,2269,1525,1825,1981,1866,2171,1672,2199,2105,2435,1996,2109,2244,1668,2025,1872,1989,2082,1928,2372,2197,1766,2344,1820,1897,1231,1989,1930,1106,2004,2514
+-----------+---------+-------+--------+
| cfioriver | Average | 90th% | Probes |
+-----------+---------+-------+--------+
|   World   |  1117   | 1965  |  384   |
|    EU     |   505   |  752  |   64   |
|    AF     |   785   | 1050  |   64   |
|    OC     |  1035   | 1379  |   64   |
|    NA     |  1068   | 1443  |   64   |
|    SA     |  1322   | 1720  |   64   |
|    AS     |  1984   | 2279  |   64   |
+-----------+---------+-------+--------+
fastly,456,322,7964,505,416,242,424,152,371,3215,524,331,333,378,101,391,250,379,520,385,344,570,125,104,342,209,499,102,343,583,262,368,180,350,242,231,295,233,97,275,325,121,403,285,377,374,452,2447,7454,95,447,257,232,436,342,496,200,387,351,195,379,635,182,342,354,275,349,1129,311,286,316,494,658,358,819,693,499,604,529,606,635,297,562,265,247,316,287,693,836,478,256,424,288,1609,972,411,571,268,666,249,348,247,350,435,318,280,721,331,297,691,766,754,268,249,747,1025,260,554,267,808,284,253,952,676,419,534,309,771,931,493,1896,489,1182,849,845,693,972,536,496,495,490,804,807,989,1161,487,793,804,641,488,544,535,806,566,1780,493,1051,743,1374,807,505,653,971,645,638,968,817,749,496,815,908,494,638,547,495,768,703,492,701,595,646,806,570,492,1259,492,490,487,651,492,642,658,206,558,614,813,397,868,548,804,210,203,495,273,735,315,320,725,195,556,574,552,556,220,560,802,551,195,563,746,31,226,431,582,557,202,741,198,562,303,355,677,402,718,231,560,552,910,711,738,547,411,442,977,548,841,338,586,468,559,551,211,199,576,544,286,835,1053,847,914,1297,886,1316,295,469,297,296,1105,1091,2071,291,956,825,346,315,845,1104,290,566,1141,847,322,848,1419,1065,319,1065,3669,836,835,1048,1130,904,521,986,291,1046,1065,1052,1066,838,293,836,1115,841,1095,835,842,882,844,1053,496,853,839,301,835,289,21,1059,130,399,82,51,59,85,59,557,51,278,469,253,263,80,519,59,63,99,95,85,49,219,69,66,57,110,74,60,200,255,96,244,75,247,212,84,84,279,87,154,86,67,61,80,53,76,324,59,52,54,109,82,55,57,61,53,56,97,250,124,55,314,56,284
+--------+---------+-------+--------+
| fastly | Average | 90th% | Probes |
+--------+---------+-------+--------+
| World  |   562   |  972  |  383   |
|   EU   |   141   |  279  |   64   |
|   NA   |   635   |  524  |   64   |
|   SA   |   505   |  746  |   64   |
|   AS   |   504   |  808  |   63   |
|   AF   |   741   |  989  |   64   |
|   OC   |   847   | 1115  |   64   |
+--------+---------+-------+--------+
netlify,1150,1146,1031,956,1262,1106,1088,600,1045,1011,446,483,982,394,1230,1213,989,453,714,466,533,440,718,991,974,1424,1606,979,1313,1073,1235,462,505,461,387,714,487,457,1014,452,708,1105,477,388,473,1001,1334,1187,438,468,991,475,1093,1449,989,673,443,446,1101,709,464,1336,1293,463,60,158,87,79,498,496,525,866,78,308,41,133,59,79,61,64,230,62,44,68,93,157,163,687,83,534,568,163,71,556,108,71,157,117,151,86,537,237,54,134,119,80,131,72,172,104,106,63,161,133,213,600,147,211,66,104,170,91,578,168,513,496,168,594,662,754,184,625,295,297,176,198,467,394,194,381,795,866,384,475,155,412,185,338,238,191,196,273,379,262,599,344,270,254,726,426,266,361,436,292,167,304,345,310,924,197,301,233,312,263,383,862,748,454,688,769,873,309,387,467,238,445,334,403,308,241,298,309,27,193,31,169,134,156,30,164,29,32,20,421,178,267,28,31,405,159,272,444,172,28,131,24,272,177,132,162,28,30,131,138,135,163,265,27,26,136,262,136,289,409,272,189,278,78,184,28,272,161,176,28,31,131,22,327,394,331,448,25,25,25,159,151,23,862,35,252,111,22,39,244,192,29,308,210,157,706,24,315,237,234,33,117,25,25,189,83,115,26,26,19,18,40,705,28,16,220,687,246,244,754,33,494,33,230,423,1296,809,165,413,224,30,249,131,44,111,557,118,37,129,115,248,190,35,35,213,17,1457,1048,1198,1209,1348,826,1062,1045,1237,1206,1059,1474,1351,824,1097,1365,753,1494,801,1238,1200,1334,1055,1045,1210,1205,1266,1200,1193,1049,1108,1339,1348,1341,766,1055,1058,1097,1105,1119,1233,1212,1104,1509,767,1177,778,1062,1099,1206,1054,1044,1205,1103,1211,754,1265,763,1051,1206,1328,1084,1353,1186
+---------+---------+-------+--------+
| netlify | Average | 90th% | Probes |
+---------+---------+-------+--------+
|  World  |   495   | 1200  |  384   |
|   SA    |   159   |  327  |   64   |
|   NA    |   218   |  537  |   64   |
|   OC    |   219   |  557  |   64   |
|   EU    |   400   |  748  |   64   |
|   AS    |   836   | 1262  |   64   |
|   AF    |  1140   | 1348  |   64   |
+---------+---------+-------+--------+
git,143,54,51,170,702,67,164,109,46,54,62,57,86,72,33,111,130,380,109,73,126,36,112,134,120,86,52,148,192,100,196,301,44,95,168,78,81,69,106,56,41,67,142,86,92,106,61,84,170,66,39,112,94,57,80,67,44,247,38,74,170,45,117,177,254,251,162,318,413,180,274,159,278,473,265,318,255,265,264,154,254,266,303,160,159,153,437,391,275,347,395,398,153,274,675,156,270,290,150,447,168,268,199,264,153,439,385,267,270,272,255,454,304,415,659,259,150,309,165,264,270,341,271,288,161,269,310,327,193,191,164,197,161,180,210,187,198,195,241,198,198,215,166,236,212,195,163,188,175,170,165,213,185,169,166,185,152,163,184,238,184,187,167,175,228,156,190,236,156,193,198,210,193,182,180,203,200,222,214,372,183,184,174,197,399,178,200,174,202,165,176,238,225,220,321,271,429,306,467,237,413,207,488,425,213,261,233,506,548,300,295,487,226,228,223,982,253,233,259,457,405,478,269,255,280,479,487,422,418,463,410,471,304,289,461,544,411,258,454,400,430,458,267,462,1284,258,356,277,285,248,412,216,420,271,270,276,231,232,417,231,333,614,258,468,600,284,234,317,234,472,232,251,221,248,224,458,232,249,453,237,459,445,336,235,243,226,238,235,227,228,487,224,223,237,614,876,257,614,245,476,233,336,315,223,330,464,381,350,229,259,247,219,330,238,276,326,464,249,344,237,584,751,762,842,757,588,586,869,663,581,582,594,629,584,604,636,608,586,756,583,767,598,730,754,583,812,577,761,613,582,808,581,753,585,580,591,589,738,590,620,739,579,758,744,949,576,751,589,588,1031,598,577,679,582,607,584,582,901,772,584,590,753,583,594
+-------+---------+-------+--------+
|  git  | Average | 90th% | Probes |
+-------+---------+-------+--------+
| World |   327   |  607  |  384   |
|  NA   |   113   |  170  |   64   |
|  EU   |   196   |  228  |   64   |
|  SA   |   287   |  415  |   64   |
|  OC   |   327   |  472  |   64   |
|  AS   |   373   |  487  |   64   |
|  AF   |   666   |  772  |   64   |
+-------+---------+-------+--------+
ioriver,394,386,56,448,227,27,57,103,56,33,135,50,331,252,335,328,145,347,181,281,40,292,168,226,268,32,232,39,43,197,46,157,282,144,260,41,99,41,170,99,161,331,135,244,47,276,248,114,349,261,136,36,289,266,65,62,50,234,381,185,153,265,41,134,76,292,54,182,138,114,143,311,74,105,304,86,81,66,88,93,67,96,142,81,110,90,54,90,108,57,51,83,182,83,138,65,50,102,162,105,118,149,71,66,63,55,88,147,105,74,48,130,91,82,250,45,66,165,57,95,133,74,283,94,171,60,78,336,285,332,219,502,143,392,616,167,361,358,29,163,379,233,238,47,176,495,232,384,160,251,588,204,175,353,504,478,167,383,389,584,358,522,74,622,472,405,422,423,102,581,453,432,149,162,365,423,42,535,382,641,335,179,396,45,49,239,228,502,456,352,426,189,157,50,61,54,160,257,124,34,54,101,59,140,38,207,156,126,255,173,213,184,62,71,59,134,133,54,56,53,57,35,53,218,114,55,151,280,244,109,215,33,288,156,29,137,54,32,57,67,51,74,357,58,544,30,52,248,230,32,53,144,32,67,205,184,55,92,324,215,519,189,73,89,237,408,686,70,260,27,284,92,512,55,69,39,244,71,80,72,55,216,103,121,269,267,90,160,75,76,115,284,149,121,80,521,162,143,137,33,833,73,53,271,120,126,231,120,273,373,237,235,755,283,90,268,188,489,178,79,263,428,144,85,84,91,281,94,265,251,255,102,265,92,252,100,103,92,261,79,290,253,445,500,459,81,163,253,96,141,285,103,408,90,70,263,281,856,116,460,91,92,101,259,275,251,118,277,93,255,104,229,280,289,87,246,261,257,254,278,110,255,113
+---------+---------+-------+--------+
| ioriver | Average | 90th% | Probes |
+---------+---------+-------+--------+
|  World  |   195   |  396  |  383   |
|   EU    |   114   |  182  |   64   |
|   NA    |   125   |  244  |   64   |
|   AF    |   216   |  290  |   64   |
|   OC    |   180   |  331  |   64   |
|   AS    |   208   |  408  |   63   |
|   SA    |   327   |  522  |   64   |
+---------+---------+-------+--------+
gcore,164,1172,144,398,163,185,296,551,278,195,218,185,24,145,63,323,78,185,1138,5770,396,429,142,349,241,162,25,462,415,414,23,323,198,932,255,213,178,209,273,343,160,166,167,213,23,394,442,331,327,379,351,353,25,665,278,384,328,380,178,79,84,161,148,506,732,721,1035,476,581,719,709,484,648,707,712,497,591,568,529,591,515,489,1855,736,707,491,727,725,479,825,713,732,723,698,481,493,863,687,813,731,494,821,500,505,1465,917,734,505,724,1385,492,485,722,696,709,718,521,826,814,954,483,492,1078,701,700,718,500,466,542,699,486,530,465,533,480,530,540,575,531,513,465,532,551,466,559,698,498,551,529,529,466,480,488,466,534,645,693,734,557,460,487,533,464,540,482,553,469,461,552,530,464,550,467,539,464,532,533,468,458,491,551,5901,536,466,531,549,470,530,534,498,909,897,321,332,272,455,310,397,309,246,3436,257,241,274,297,817,321,409,452,900,406,299,318,312,296,242,272,236,804,319,319,282,297,354,445,241,1131,289,441,398,973,238,337,324,335,296,317,840,327,220,298,866,385,407,308,335,336,265,245,315,385,337,315,334,804,48,65,58,128,55,46,108,150,124,52,138,49,44,151,64,116,118,121,141,36,42,54,153,69,206,60,47,51,155,143,9827,65,44,154,40,57,46,147,124,49,40,146,112,62,41,126,43,130,119,117,60,159,61,146,48,182,49,140,61,49,49,58,59,132,647,648,747,630,784,740,791,769,631,633,540,751,618,628,620,1148,646,640,757,905,671,634,648,631,747,764,819,599,620,636,642,633,652,747,784,848,787,737,846,658,652,673,739,640,757,875,657,632,633,614,735,630,1003,823,724,692,743,617,622,948,793,534,623
+-------+---------+-------+--------+
| gcore | Average | 90th% | Probes |
+-------+---------+-------+--------+
| World |   516   |  793  |  382   |
|  EU   |   243   |  151  |   64   |
|  AS   |   376   |  442  |   63   |
|  AF   |   614   |  575  |   64   |
|  NA   |   450   |  817  |   64   |
|  SA   |   710   |  823  |   63   |
|  OC   |   702   |  863  |   64   |
+-------+---------+-------+--------+
vercel,150,37,45,40,147,300,38,265,186,172,245,319,320,134,150,55,29,34,45,43,161,35,126,35,32,30,50,35,34,45,36,140,257,145,45,146,33,255,140,37,51,142,193,138,144,150,40,31,41,32,138,171,55,139,171,49,36,237,149,43,43,64,132,138,113,89,67,174,73,73,302,121,302,76,328,133,319,76,475,97,90,512,97,297,108,64,291,64,79,91,69,185,87,68,72,349,148,92,74,95,93,430,185,94,123,76,64,88,44,34,317,67,74,33,72,70,85,49,68,513,123,274,192,284,168,415,62,112,350,113,625,144,63,117,101,97,250,117,54,59,255,173,64,76,219,111,69,82,109,101,59,177,53,115,68,75,172,191,80,311,111,252,63,51,353,62,109,261,55,54,61,119,49,44,90,58,99,48,83,60,97,107,65,106,99,105,118,309,88,200,152,58,70,42,32,42,33,260,34,45,282,254,36,198,151,267,30,41,125,39,303,41,51,40,29,41,59,40,35,40,2072,330,61,214,31,51,31,35,34,43,274,37,256,221,43,43,131,60,38,34,80,42,251,315,38,28,60,45,43,37,277,467,139,261,37,70,117,127,128,100,91,100,118,97,111,101,121,114,136,134,96,96,96,101,112,98,125,130,113,110,88,103,286,100,247,101,109,299,377,111,94,112,107,96,100,262,93,100,102,389,100,116,121,93,109,102,108,96,99,130,111,268,109,132,95,106,103,108,182,115,36,40,176,57,44,32,56,99,125,112,131,121,145,117,38,126,70,58,55,204,39,63,153,115,43,35,55,209,31,126,53,106,61,33,63,191,114,38,164,171,180,30,108,157,63,35,35,57,171,273,66,71,141,149,35,60,164,60,137,130,34,35,101,38
+--------+---------+-------+--------+
| vercel | Average | 90th% | Probes |
+--------+---------+-------+--------+
| World  |   126   |  262  |  384   |
|   NA   |   94    |  171  |   64   |
|   AF   |   130   |  182  |   64   |
|   SA   |   111   |  237  |   64   |
|   EU   |   129   |  252  |   64   |
|   OC   |   139   |  274  |   64   |
|   AS   |   156   |  319  |   64   |
+--------+---------+-------+--------+
cf,109,90,253,110,229,138,79,315,226,573,66,476,124,228,221,293,202,68,660,103,332,125,223,261,68,199,119,211,128,89,301,176,469,218,498,598,92,73,656,157,79,107,172,153,367,164,77,200,115,214,101,98,341,80,156,177,291,445,186,83,97,75,61,120,147,87,500,111,267,139,111,261,101,151,80,140,308,219,77,114,118,270,100,124,149,107,114,92,92,251,109,99,901,420,120,138,159,145,91,130,972,200,175,158,938,116,125,600,240,96,118,139,156,112,95,91,89,108,260,88,109,79,147,119,149,96,276,618,214,202,135,145,146,228,181,189,133,134,178,196,138,188,170,216,155,148,177,388,199,196,188,432,168,426,138,159,119,172,218,178,302,156,180,143,117,246,131,157,142,164,181,189,166,152,202,188,146,357,520,183,190,165,119,134,148,132,171,158,205,143,187,152,291,201,79,83,85,113,102,80,306,88,73,190,111,81,319,728,87,67,73,66,90,71,87,87,313,90,68,320,296,708,102,121,102,435,162,89,121,286,101,114,81,1113,85,210,84,81,88,89,312,288,105,202,291,188,115,317,85,88,107,309,405,306,71,84,94,94,157,153,161,119,108,100,113,173,112,242,173,656,284,92,154,105,128,222,144,90,171,399,172,170,237,96,184,98,95,120,171,115,87,248,190,134,134,260,176,96,133,122,133,133,146,170,159,112,221,181,174,144,97,133,498,203,119,134,102,108,89,137,69,566,573,78,70,156,363,121,84,391,71,62,84,685,295,63,574,65,582,136,117,104,84,71,919,504,146,606,120,82,125,89,115,60,99,70,122,96,252,101,148,59,84,124,744,75,61,69,68,331,318,97,82,351,93,358,85,65,80,93,140,91,58,114
+-------+---------+-------+--------+
|  cf   | Average | 90th% | Probes |
+-------+---------+-------+--------+
| World |   193   |  358  |  384   |
|  EU   |   190   |  228  |   64   |
|  NA   |   164   |  237  |   64   |
|  AS   |   203   |  308  |   64   |
|  OC   |   189   |  317  |   64   |
|  SA   |   211   |  445  |   64   |
|  AF   |   199   |  566  |   64   |
+-------+---------+-------+--------+
staticapp,100,79,49,143,97,459,137,105,130,147,103,74,63,69,132,61,71,42,86,116,70,135,44,78,72,48,339,125,83,165,81,57,86,105,218,174,74,85,195,39,63,72,90,67,153,67,58,121,56,122,129,55,141,71,120,137,44,100,132,47,77,58,165,96,499,498,473,495,476,715,480,474,466,510,477,637,499,489,488,531,643,478,477,840,501,632,497,521,475,811,657,494,466,494,729,740,479,489,489,504,477,475,484,824,486,502,520,654,642,474,507,505,474,486,661,479,518,476,679,735,639,478,478,490,730,495,481,477,491,907,449,614,686,466,790,477,470,563,1002,491,479,463,564,476,455,967,650,740,462,448,456,455,459,493,807,478,470,728,467,652,476,722,919,856,820,776,487,490,692,459,844,452,490,1878,466,659,774,498,1660,650,581,782,830,686,1157,475,501,452,695,741,550,492,296,277,325,316,295,564,553,305,328,637,299,599,481,291,421,408,592,545,516,440,405,717,466,540,324,435,289,322,304,567,595,401,266,309,286,340,328,412,540,734,392,292,620,293,287,299,515,271,290,302,284,519,562,270,326,568,288,313,286,283,274,295,719,502,425,395,544,395,434,459,384,570,393,471,416,447,435,490,508,400,520,441,533,401,374,517,389,387,460,534,405,504,505,412,589,553,977,419,374,390,398,849,388,476,447,528,421,411,533,578,444,377,384,637,410,416,457,385,556,457,522,544,927,434,559,571,429,391,238,397,236,294,310,245,357,526,402,334,327,278,291,256,242,342,264,353,247,267,258,313,331,251,250,337,350,250,238,245,258,358,334,314,238,303,260,264,341,396,617,379,338,254,625,293,239,294,230,358,380,272,408,225,241,442,347,255,302,367,987,259,252
+-----------+---------+-------+--------+
| staticapp | Average | 90th% | Probes |
+-----------+---------+-------+--------+
|   World   |   419   |  679  |  383   |
|    NA     |   106   |  153  |   64   |
|    EU     |   325   |  397  |   63   |
|    AS     |   481   |  570  |   64   |
|    SA     |   408   |  592  |   64   |
|    AF     |   546   |  715  |   64   |
|    OC     |   650   |  856  |   64   |
+-----------+---------+-------+--------+

Last Test Number: 104	At: 2025-05-16T01:54:20.594Z
