Reading 858 files...
cdn,374,148,206,310,134,184,184,253,177,169,140,326,594,365,306,239,446,231,327,429,756,657,300,413,852,376,307,71,880,450,381,311,536,531,632,379,616,493,378,378,205,371,232,375,575,286,215,371,88,83,102,100,89,181,98,170,160,139,105,161,325,871,394,298,320,352,332,312,348,322,327,314
+-------+---------+-------+--------+
|  cdn  | Average | 90th% | Probes |
+-------+---------+-------+--------+
| World |   331   |  575  |   72   |
|  EU   |   123   |  161  |   12   |
|  NA   |   217   |  310  |   12   |
|  OC   |   376   |  352  |   12   |
|  AF   |   375   |  493  |   12   |
|  SA   |   422   |  594  |   12   |
|  AS   |   476   |  632  |   12   |
+-------+---------+-------+--------+
vercel,53,221,54,154,390,231,378,308,235,199,141,30,92,34,30,130,187,90,101,34,92,99,60,192,854,107,605,130,132,704,646,130,140,701,129,847,508,58,35,254,60,571,162,31,33,91,384,58,742,139,287,91,63,246,229,91,61,728,480,149,80,445,142,204,165,355,446,76,85,64,84,455
+--------+---------+-------+--------+
| vercel | Average | 90th% | Probes |
+--------+---------+-------+--------+
| World  |   234   |  571  |   72   |
|   NA   |   95    |  130  |   12   |
|   SA   |   200   |  308  |   12   |
|   OC   |   187   |  384  |   12   |
|   EU   |   217   |  445  |   12   |
|   AS   |   276   |  480  |   12   |
|   AF   |   427   |  704  |   12   |
+--------+---------+-------+--------+
cfioriver,1386,1404,1028,994,1214,373,601,711,1449,1058,1676,1593,432,329,968,978,1800,1227,1921,1904,641,1829,815,1667
+-----------+---------+-------+--------+
| cfioriver | Average | 90th% | Probes |
+-----------+---------+-------+--------+
|   World   |  1167   | 1800  |   24   |
|    AF     |   725   |  711  |   4    |
|    EU     |   677   |  968  |   4    |
|    NA     |  1203   | 1386  |   4    |
|    SA     |  1444   | 1593  |   4    |
|    OC     |  1238   | 1667  |   4    |
|    AS     |  1713   | 1904  |   4    |
+-----------+---------+-------+--------+
git,289,323,277,463,256,257,271,166,159,284,266,473,758,600,593,798,587,764,761,691,1019,592,579,838,157,61,50,67,75,66,51,32,123,73,47,51,263,235,266,288,277,227,220,258,257,265,275,266,162,162,175,214,223,209,201,204,150,194,203,196,236,325,237,249,694,461,262,618,798,223,237,235
+-------+---------+-------+--------+
|  git  | Average | 90th% | Probes |
+-------+---------+-------+--------+
| World |   318   |  691  |   72   |
|  NA   |   71    |  75   |   12   |
|  EU   |   191   |  209  |   12   |
|  AS   |   258   |  275  |   12   |
|  SA   |   290   |  323  |   12   |
|  OC   |   381   |  618  |   12   |
|  AF   |   715   |  798  |   12   |
+-------+---------+-------+--------+
cf,567,443,659,379,227,471,482,481,497,630,567,459,1204,804,556,1055,816,677,1299,518,789,1374,815,1105,527,816,588,882,289,535,510,523,536,1019,529,771,379,154,429,349,362,374,533,368,385,206,147,207,119,118,96,147,123,231,121,98,152,273,149,127,350,752,663,683,453,734,490,685,734,642,691,682
+-------+---------+-------+--------+
|  cf   | Average | 90th% | Probes |
+-------+---------+-------+--------+
| World |   522   |  816  |   72   |
|  NA   |   146   |  152  |   12   |
|  EU   |   324   |  385  |   12   |
|  SA   |   488   |  567  |   12   |
|  AF   |   630   |  734  |   12   |
|  OC   |   627   |  816  |   12   |
|  AS   |   918   | 1204  |   12   |
+-------+---------+-------+--------+
regular,523,621,553,348,524,351,355,523,508,339,557,366,1096,853,807,818,859,865,896,1048,862,868,805,844,271,275,254,280,277,239,230,236,375,259,264,233,769,765,701,756,739,789,726,780,773,1010,947,944,602,635,671,542,543,768,612,730,603,557,607,580,85,138,78,87,70,147,92,141,98,68,125,82
+---------+---------+-------+--------+
| regular | Average | 90th% | Probes |
+---------+---------+-------+--------+
|  World  |   524   |  862  |   72   |
|   EU    |   101   |  138  |   12   |
|   NA    |   266   |  277  |   12   |
|   AF    |   464   |  553  |   12   |
|   SA    |   621   |  671  |   12   |
|   OC    |   885   |  896  |   12   |
|   AS    |   808   |  944  |   12   |
+---------+---------+-------+--------+
staticapp: Empty list
ioriver,47,408,42,33,512,87,49,53,223,278,295,65,147,228,133,198,128,114,471,119,82,157,197,206,138,376,1996,1752,1772,73,82,306,76,29,176,695,48,239,56,516,275,169,43,229,6802,974,806,505,704,5764,1217,480,682,5941,6523,283,65,38,202,41,60,70,33,87,57,24,93,31
+---------+---------+-------+--------+
| ioriver | Average | 90th% | Probes |
+---------+---------+-------+--------+
|  World  |   659   | 1217  |   68   |
|   NA    |   67    |  87   |   12   |
|   EU    |   182   |  206  |   12   |
|   SA    |   213   |  275  |   12   |
|   OC    |   174   |  295  |   12   |
|   AS    |   812   | 1772  |   8    |
|   AF    |  2557   | 5941  |   12   |
+---------+---------+-------+--------+
gcore,842,701,835,712,722,841,711,814,722,862,738,884,564,519,1479,521,555,855,550,472,560,563,521,573,943,1175,1259,1385,979,1561,183,1706,1368,992,443,1261,122,116,195,50,57,44,6759,44,162,116,37,45,1306,1291,1424,1238,1275,464,1241,1303,1308,1182,1077,1057,389,424,395,393,384,420,950,7638,441,317,380,454
+-------+---------+-------+--------+
| gcore | Average | 90th% | Probes |
+-------+---------+-------+--------+
| World |   901   | 1308  |   72   |
|  EU   |   646   |  162  |   12   |
|  NA   |  1049   |  454  |   12   |
|  AF   |   644   |  573  |   12   |
|  SA   |   782   |  842  |   12   |
|  OC   |  1180   | 1306  |   12   |
|  AS   |  1105   | 1385  |   12   |
+-------+---------+-------+--------+
fastly,365,444,477,481,761,382,350,748,447,856,300,1708,1006,632,749,1393,492,654,492,1253,1280,1034,692,504,518,506,567,92,435,659,735,375,965,200,281,509,836,240,2505,348,622,563,303,590,334,216,962,1321,223,57,293,231,55,118,854,79,106,116,91,306,618,362,443,1216,464,1618,1205,1818,577,1161,1427,975
+--------+---------+-------+--------+
| fastly | Average | 90th% | Probes |
+--------+---------+-------+--------+
| World  |   647   | 1253  |   72   |
|   EU   |   211   |  293  |   12   |
|   NA   |   487   |  659  |   12   |
|   AS   |   610   |  761  |   12   |
|   SA   |   737   |  962  |   12   |
|   AF   |   848   | 1253  |   12   |
|   OC   |   990   | 1427  |   12   |
+--------+---------+-------+--------+
netlify,1147,997,1183,1274,669,1221,1141,1408,1479,1076,1234,885,656,760,627,605,408,1035,648,431,713,522,567,408,89,320,92,102,122,61,106,57,111,91,98,490,392,538,309,412,528,417,431,306,296,370,383,1522,795,1112,993,691,1368,1103,1367,1063,1095,1021,878,305,407,443,531,298,523,305,298,298,463,405,463
+---------+---------+-------+--------+
| netlify | Average | 90th% | Probes |
+---------+---------+-------+--------+
|  World  |   633   | 1221  |   71   |
|   NA    |   138   |  122  |   12   |
|   SA    |   395   |  463  |   12   |
|   EU    |   406   |  490  |   12   |
|   OC    |   634   |  760  |   11   |
|   AS    |  1143   | 1274  |   12   |
|   AF    |  1084   | 1367  |   12   |
+---------+---------+-------+--------+

Last Test Number: 53	At: 2025-06-18T20:54:04.352Z
